 LOWER WVL  UPPER WVL  DIRECT     DIFFUSE DOWN  DIFFUSE UP  TOTAL
 280.00     281.00     0.000E+00  0.000E+00     0.000E+00   0.000E+00
 281.00     282.00     0.000E+00  0.000E+00     0.000E+00   0.000E+00
 282.00     283.00     0.000E+00  0.000E+00     0.000E+00   0.000E+00
 283.00     284.00     0.000E+00  0.000E+00     0.000E+00   0.000E+00
 284.00     285.00     0.000E+00  0.000E+00     0.000E+00   0.000E+00
 285.00     286.00     0.000E+00  0.000E+00     0.000E+00   0.000E+00
 286.00     287.00     0.000E+00  0.000E+00     0.000E+00   0.000E+00
 287.00     288.00     0.000E+00  0.000E+00     0.000E+00   0.000E+00
 288.00     289.00     0.000E+00  0.000E+00     0.000E+00   0.000E+00
 289.00     290.00     0.000E+00  0.000E+00     0.000E+00   0.000E+00
 290.00     291.00     0.000E+00  0.000E+00     0.000E+00   0.000E+00
 291.00     292.00     6.077E+08  1.375E+09     2.681E+08   2.251E+09
 292.00     293.00     1.763E+09  4.100E+09     7.871E+08   6.650E+09
 293.00     294.00     6.055E+09  1.447E+10     2.737E+09   2.326E+10
 294.00     295.00     1.319E+10  3.224E+10     6.019E+09   5.144E+10
 295.00     296.00     3.822E+10  9.591E+10     1.765E+10   1.518E+11
 296.00     297.00     7.512E+10  1.930E+11     3.506E+10   3.031E+11
 297.00     298.00     1.599E+11  4.192E+11     7.533E+10   6.545E+11
 298.00     299.00     2.085E+11  5.564E+11     9.898E+10   8.639E+11
 299.00     300.00     5.062E+11  1.374E+12     2.421E+11   2.122E+12
 300.00     301.00     5.075E+11  1.394E+12     2.439E+11   2.145E+12
 301.00     302.00     1.082E+12  3.018E+12     5.236E+11   4.624E+12
 302.00     303.00     1.419E+12  3.986E+12     6.882E+11   6.094E+12
 303.00     304.00     2.565E+12  7.291E+12     1.250E+12   1.111E+13
 304.00     305.00     2.918E+12  8.309E+12     1.421E+12   1.265E+13
 305.00     306.00     4.057E+12  1.168E+13     1.985E+12   1.772E+13
 306.00     307.00     4.367E+12  1.253E+13     2.129E+12   1.903E+13
 307.00     308.00     6.580E+12  1.905E+13     3.220E+12   2.885E+13
 308.00     309.00     7.557E+12  2.176E+13     3.680E+12   3.299E+13
 309.00     310.00     6.881E+12  1.985E+13     3.351E+12   3.009E+13
 310.00     311.00     9.625E+12  2.772E+13     4.676E+12   4.203E+13
 311.00     312.00     1.266E+13  3.625E+13     6.121E+12   5.504E+13
 312.00     313.00     1.270E+13  3.643E+13     6.137E+12   5.527E+13
 313.00     314.00     1.465E+13  4.158E+13     7.027E+12   6.326E+13
 314.00     315.00     1.500E+13  4.259E+13     7.187E+12   6.478E+13
 315.00     316.00     1.573E+13  4.414E+13     7.474E+12   6.734E+13
 316.00     317.00     1.598E+13  4.479E+13     7.581E+12   6.836E+13
 317.00     318.00     2.291E+13  6.327E+13     1.076E+13   9.694E+13
 318.00     319.00     1.836E+13  5.061E+13     8.604E+12   7.758E+13
 319.00     320.00     2.272E+13  6.189E+13     1.056E+13   9.517E+13
 320.00     321.00     2.804E+13  7.549E+13     1.293E+13   1.165E+14
 321.00     322.00     2.420E+13  6.508E+13     1.114E+13   1.004E+14
 322.00     323.00     2.462E+13  6.458E+13     1.116E+13   1.004E+14
 323.00     324.00     2.577E+13  6.773E+13     1.168E+13   1.052E+14
 324.00     325.00     3.063E+13  7.931E+13     1.375E+13   1.237E+14
 325.00     326.00     3.474E+13  8.850E+13     1.543E+13   1.387E+14
 326.00     327.00     4.261E+13  1.083E+14     1.888E+13   1.698E+14
 327.00     328.00     4.015E+13  1.003E+14     1.760E+13   1.580E+14
 328.00     329.00     3.752E+13  9.239E+13     1.630E+13   1.462E+14
 329.00     330.00     4.921E+13  1.206E+14     2.130E+13   1.911E+14
 330.00     331.00     4.527E+13  1.091E+14     1.939E+13   1.737E+14
 331.00     332.00     4.525E+13  1.075E+14     1.921E+13   1.719E+14
 332.00     333.00     4.505E+13  1.063E+14     1.903E+13   1.704E+14
 333.00     334.00     4.282E+13  9.940E+13     1.791E+13   1.601E+14
 334.00     335.00     4.837E+13  1.110E+14     2.009E+13   1.794E+14
 335.00     336.00     4.954E+13  1.126E+14     2.045E+13   1.826E+14
 336.00     337.00     3.916E+13  8.776E+13     1.603E+13   1.429E+14
 337.00     338.00     4.345E+13  9.595E+13     1.763E+13   1.570E+14
 338.00     339.00     4.633E+13  1.014E+14     1.869E+13   1.664E+14
 339.00     340.00     5.088E+13  1.100E+14     2.038E+13   1.813E+14
 340.00     341.00     5.497E+13  1.172E+14     2.184E+13   1.940E+14
 341.00     342.00     4.930E+13  1.041E+14     1.947E+13   1.728E+14
 342.00     343.00     5.516E+13  1.150E+14     2.163E+13   1.918E+14
 343.00     344.00     5.787E+13  1.192E+14     2.252E+13   1.996E+14
 344.00     345.00     4.096E+13  8.332E+13     1.583E+13   1.401E+14
 345.00     346.00     5.665E+13  1.141E+14     2.176E+13   1.925E+14
 346.00     347.00     5.350E+13  1.064E+14     2.041E+13   1.803E+14
 347.00     348.00     5.277E+13  1.037E+14     1.999E+13   1.765E+14
 348.00     349.00     5.853E+13  1.138E+14     2.204E+13   1.944E+14
 349.00     350.00     4.950E+13  9.516E+13     1.852E+13   1.632E+14
 350.00     351.00     6.993E+13  1.330E+14     2.600E+13   2.289E+14
 351.00     352.00     6.081E+13  1.143E+14     2.247E+13   1.976E+14
 352.00     353.00     5.533E+13  1.029E+14     2.032E+13   1.785E+14
 353.00     354.00     6.718E+13  1.236E+14     2.453E+13   2.153E+14
 354.00     355.00     7.334E+13  1.335E+14     2.662E+13   2.335E+14
 355.00     356.00     6.912E+13  1.245E+14     2.494E+13   2.186E+14
 356.00     357.00     6.469E+13  1.153E+14     2.321E+13   2.032E+14
 357.00     358.00     5.547E+13  9.781E+13     1.979E+13   1.731E+14
 358.00     359.00     4.316E+13  7.531E+13     1.531E+13   1.338E+14
 359.00     360.00     7.323E+13  1.265E+14     2.584E+13   2.255E+14
 360.00     361.00     6.842E+13  1.170E+14     2.401E+13   2.094E+14
 361.00     362.00     6.218E+13  1.052E+14     2.171E+13   1.891E+14
 362.00     363.00     7.360E+13  1.233E+14     2.556E+13   2.225E+14
 363.00     364.00     6.598E+13  1.095E+14     2.279E+13   1.982E+14
 364.00     365.00     7.253E+13  1.191E+14     2.493E+13   2.166E+14
 365.00     366.00     8.906E+13  1.449E+14     3.046E+13   2.644E+14
 366.00     367.00     9.497E+13  1.530E+14     3.232E+13   2.803E+14
 367.00     368.00     9.085E+13  1.449E+14     3.076E+13   2.666E+14
 368.00     369.00     8.040E+13  1.270E+14     2.710E+13   2.345E+14
 369.00     370.00     9.716E+13  1.521E+14     3.259E+13   2.818E+14
 370.00     371.00     8.879E+13  1.377E+14     2.964E+13   2.561E+14
 371.00     372.00     1.023E+14  1.572E+14     3.400E+13   2.935E+14
 372.00     373.00     7.613E+13  1.159E+14     2.518E+13   2.172E+14
 373.00     374.00     6.930E+13  1.045E+14     2.282E+13   1.966E+14
 374.00     375.00     7.659E+13  1.145E+14     2.511E+13   2.162E+14
 375.00     376.00     8.701E+13  1.289E+14     2.840E+13   2.443E+14
 376.00     377.00     8.749E+13  1.284E+14     2.843E+13   2.443E+14
 377.00     378.00     1.049E+14  1.526E+14     3.394E+13   2.914E+14
 378.00     379.00     1.151E+14  1.660E+14     3.709E+13   3.182E+14
 379.00     380.00     8.573E+13  1.225E+14     2.751E+13   2.358E+14
 380.00     381.00     1.038E+14  1.471E+14     3.317E+13   2.840E+14
 381.00     382.00     9.816E+13  1.379E+14     3.125E+13   2.673E+14
 382.00     383.00     6.584E+13  9.170E+13     2.087E+13   1.784E+14
 383.00     384.00     5.819E+13  8.035E+13     1.838E+13   1.569E+14
 384.00     385.00     8.788E+13  1.203E+14     2.765E+13   2.359E+14
 385.00     386.00     8.750E+13  1.188E+14     2.742E+13   2.337E+14
 386.00     387.00     8.976E+13  1.209E+14     2.802E+13   2.386E+14
 387.00     388.00     8.394E+13  1.121E+14     2.611E+13   2.222E+14
 388.00     389.00     8.466E+13  1.121E+14     2.623E+13   2.230E+14
 389.00     390.00     1.074E+14  1.411E+14     3.316E+13   2.817E+14
 390.00     391.00     1.062E+14  1.384E+14     3.266E+13   2.772E+14
 391.00     392.00     1.267E+14  1.638E+14     3.884E+13   3.293E+14
 392.00     393.00     9.558E+13  1.226E+14     2.920E+13   2.474E+14
 393.00     394.00     4.180E+13  5.319E+13     1.272E+13   1.077E+14
 394.00     395.00     9.894E+13  1.249E+14     3.002E+13   2.539E+14
 395.00     396.00     1.280E+14  1.604E+14     3.872E+13   3.272E+14
 396.00     397.00     7.563E+13  9.402E+13     2.279E+13   1.924E+14
 397.00     398.00     8.778E+13  1.083E+14     2.636E+13   2.224E+14
 398.00     399.00     1.517E+14  1.857E+14     4.542E+13   3.828E+14
 399.00     400.00     1.587E+14  1.928E+14     4.735E+13   3.988E+14
 400.00     401.00     1.678E+14  2.023E+14     4.991E+13   4.200E+14
 401.00     402.00     1.736E+14  2.077E+14     5.147E+13   4.328E+14
 402.00     403.00     1.812E+14  2.153E+14     5.357E+13   4.500E+14
 403.00     404.00     1.668E+14  1.967E+14     4.915E+13   4.126E+14
 404.00     405.00     1.645E+14  1.925E+14     4.833E+13   4.053E+14
 405.00     406.00     1.718E+14  1.996E+14     5.033E+13   4.217E+14
 406.00     407.00     1.627E+14  1.877E+14     4.752E+13   3.979E+14
 407.00     408.00     1.649E+14  1.889E+14     4.802E+13   4.018E+14
 408.00     409.00     1.846E+14  2.100E+14     5.361E+13   4.482E+14
 409.00     410.00     1.819E+14  2.055E+14     5.269E+13   4.401E+14
 410.00     411.00     1.586E+14  1.778E+14     4.580E+13   3.823E+14
 411.00     412.00     1.916E+14  2.134E+14     5.518E+13   4.602E+14
 412.00     413.00     1.909E+14  2.111E+14     5.483E+13   4.569E+14
 413.00     414.00     1.861E+14  2.044E+14     5.330E+13   4.438E+14
 414.00     415.00     1.923E+14  2.097E+14     5.492E+13   4.569E+14
 415.00     416.00     1.848E+14  2.002E+14     5.265E+13   4.377E+14
 416.00     417.00     2.022E+14  2.175E+14     5.744E+13   4.771E+14
 417.00     418.00     1.858E+14  1.985E+14     5.264E+13   4.369E+14
 418.00     419.00     1.881E+14  1.997E+14     5.318E+13   4.410E+14
 419.00     420.00     1.953E+14  2.059E+14     5.506E+13   4.563E+14
 420.00     421.00     1.972E+14  2.066E+14     5.547E+13   4.593E+14
 421.00     422.00     2.068E+14  2.152E+14     5.801E+13   4.800E+14
 422.00     423.00     1.843E+14  1.905E+14     5.158E+13   4.264E+14
 423.00     424.00     2.019E+14  2.074E+14     5.637E+13   4.657E+14
 424.00     425.00     2.036E+14  2.078E+14     5.670E+13   4.681E+14
 425.00     426.00     1.982E+14  2.010E+14     5.507E+13   4.543E+14
 426.00     427.00     2.013E+14  2.028E+14     5.580E+13   4.599E+14
 427.00     428.00     1.852E+14  1.854E+14     5.120E+13   4.217E+14
 428.00     429.00     1.971E+14  1.961E+14     5.438E+13   4.475E+14
 429.00     430.00     1.811E+14  1.790E+14     4.985E+13   4.100E+14
 430.00     431.00     1.342E+14  1.319E+14     3.686E+13   3.030E+14
 431.00     432.00     1.889E+14  1.844E+14     5.176E+13   4.251E+14
 432.00     433.00     2.027E+14  1.967E+14     5.542E+13   4.548E+14
 433.00     434.00     2.238E+14  2.158E+14     6.106E+13   5.007E+14
 434.00     435.00     1.943E+14  1.862E+14     5.289E+13   4.334E+14
 435.00     436.00     2.221E+14  2.116E+14     6.032E+13   4.939E+14
 436.00     437.00     2.398E+14  2.271E+14     6.501E+13   5.319E+14
 437.00     438.00     2.271E+14  2.138E+14     6.144E+13   5.024E+14
 438.00     439.00     2.035E+14  1.904E+14     5.492E+13   4.487E+14
 439.00     440.00     2.320E+14  2.158E+14     6.250E+13   5.103E+14
 440.00     441.00     2.199E+14  2.033E+14     5.912E+13   4.824E+14
 441.00     442.00     2.471E+14  2.271E+14     6.629E+13   5.404E+14
 442.00     443.00     2.582E+14  2.360E+14     6.914E+13   5.633E+14
 443.00     444.00     2.492E+14  2.265E+14     6.661E+13   5.423E+14
 444.00     445.00     2.582E+14  2.332E+14     6.886E+13   5.603E+14
 445.00     446.00     2.453E+14  2.204E+14     6.531E+13   5.310E+14
 446.00     447.00     2.451E+14  2.189E+14     6.514E+13   5.292E+14
 447.00     448.00     2.685E+14  2.385E+14     7.121E+13   5.782E+14
 448.00     449.00     2.613E+14  2.307E+14     6.916E+13   5.611E+14
 449.00     450.00     2.612E+14  2.294E+14     6.901E+13   5.595E+14
 450.00     451.00     2.814E+14  2.458E+14     7.423E+13   6.014E+14
 451.00     452.00     2.784E+14  2.418E+14     7.330E+13   5.935E+14
 452.00     453.00     2.679E+14  2.314E+14     7.040E+13   5.697E+14
 453.00     454.00     2.594E+14  2.228E+14     6.804E+13   5.502E+14
 454.00     455.00     2.769E+14  2.366E+14     7.252E+13   5.860E+14
 455.00     456.00     2.677E+14  2.274E+14     6.997E+13   5.651E+14
 456.00     457.00     2.871E+14  2.426E+14     7.493E+13   6.047E+14
 457.00     458.00     2.910E+14  2.445E+14     7.580E+13   6.113E+14
 458.00     459.00     2.736E+14  2.287E+14     7.115E+13   5.735E+14
 459.00     460.00     2.810E+14  2.337E+14     7.296E+13   5.876E+14
 460.00     461.00     2.858E+14  2.364E+14     7.408E+13   5.962E+14
 461.00     462.00     2.949E+14  2.426E+14     7.630E+13   6.138E+14
 462.00     463.00     2.953E+14  2.416E+14     7.628E+13   6.132E+14
 463.00     464.00     2.911E+14  2.370E+14     7.508E+13   6.032E+14
 464.00     465.00     2.830E+14  2.292E+14     7.287E+13   5.851E+14
 465.00     466.00     2.894E+14  2.332E+14     7.440E+13   5.970E+14
 466.00     467.00     2.826E+14  2.265E+14     7.253E+13   5.816E+14
 467.00     468.00     2.937E+14  2.343E+14     7.528E+13   6.033E+14
 468.00     469.00     2.893E+14  2.295E+14     7.402E+13   5.928E+14
 469.00     470.00     2.948E+14  2.327E+14     7.532E+13   6.029E+14
 470.00     471.00     2.782E+14  2.185E+14     7.098E+13   5.677E+14
 471.00     472.00     2.919E+14  2.282E+14     7.436E+13   5.944E+14
 472.00     473.00     3.068E+14  2.386E+14     7.802E+13   6.233E+14
 473.00     474.00     2.917E+14  2.257E+14     7.408E+13   5.915E+14
 474.00     475.00     3.072E+14  2.366E+14     7.791E+13   6.217E+14
 475.00     476.00     3.032E+14  2.324E+14     7.679E+13   6.124E+14
 476.00     477.00     2.961E+14  2.257E+14     7.486E+13   5.966E+14
 477.00     478.00     3.170E+14  2.406E+14     8.006E+13   6.377E+14
 478.00     479.00     3.100E+14  2.340E+14     7.815E+13   6.221E+14
 479.00     480.00     3.144E+14  2.362E+14     7.915E+13   6.297E+14
 480.00     481.00     3.098E+14  2.316E+14     7.790E+13   6.193E+14
 481.00     482.00     3.180E+14  2.366E+14     7.985E+13   6.345E+14
 482.00     483.00     3.173E+14  2.350E+14     7.957E+13   6.319E+14
 483.00     484.00     3.114E+14  2.295E+14     7.799E+13   6.190E+14
 484.00     485.00     3.068E+14  2.251E+14     7.672E+13   6.085E+14
 485.00     486.00     2.940E+14  2.147E+14     7.343E+13   5.822E+14
 486.00     487.00     2.450E+14  1.781E+14     6.110E+13   4.841E+14
 487.00     488.00     2.859E+14  2.069E+14     7.122E+13   5.640E+14
 488.00     489.00     3.095E+14  2.229E+14     7.699E+13   6.094E+14
 489.00     490.00     3.090E+14  2.215E+14     7.678E+13   6.074E+14
 490.00     491.00     3.230E+14  2.305E+14     8.014E+13   6.336E+14
 491.00     492.00     3.127E+14  2.221E+14     7.749E+13   6.123E+14
 492.00     493.00     2.926E+14  2.069E+14     7.241E+13   5.718E+14
 493.00     494.00     3.162E+14  2.226E+14     7.817E+13   6.170E+14
 494.00     495.00     3.218E+14  2.255E+14     7.945E+13   6.268E+14
 495.00     496.00     3.119E+14  2.176E+14     7.691E+13   6.064E+14
 496.00     497.00     3.297E+14  2.290E+14     8.121E+13   6.400E+14
 497.00     498.00     3.272E+14  2.263E+14     8.050E+13   6.340E+14
 498.00     499.00     3.036E+14  2.090E+14     7.461E+13   5.873E+14
 499.00     500.00     3.221E+14  2.207E+14     7.905E+13   6.219E+14
 500.00     501.00     3.003E+14  2.048E+14     7.360E+13   5.787E+14
 501.00     502.00     2.983E+14  2.026E+14     7.303E+13   5.739E+14
 502.00     503.00     3.088E+14  2.088E+14     7.551E+13   5.931E+14
 503.00     504.00     3.225E+14  2.171E+14     7.878E+13   6.185E+14
 504.00     505.00     3.079E+14  2.064E+14     7.512E+13   5.894E+14
 505.00     506.00     3.203E+14  2.137E+14     7.805E+13   6.121E+14
 506.00     507.00     3.273E+14  2.175E+14     7.967E+13   6.244E+14
 507.00     508.00     3.220E+14  2.130E+14     7.829E+13   6.133E+14
 508.00     509.00     3.072E+14  2.025E+14     7.463E+13   5.844E+14
 509.00     510.00     3.268E+14  2.145E+14     7.931E+13   6.207E+14
 510.00     511.00     3.140E+14  2.052E+14     7.610E+13   5.953E+14
 511.00     512.00     3.282E+14  2.136E+14     7.947E+13   6.214E+14
 512.00     513.00     3.175E+14  2.058E+14     7.679E+13   6.001E+14
 513.00     514.00     3.169E+14  2.046E+14     7.657E+13   5.980E+14
 514.00     515.00     3.032E+14  1.949E+14     7.319E+13   5.713E+14
 515.00     516.00     3.225E+14  2.065E+14     7.776E+13   6.067E+14
 516.00     517.00     2.921E+14  1.862E+14     7.036E+13   5.487E+14
 517.00     518.00     2.828E+14  1.796E+14     6.805E+13   5.305E+14
 518.00     519.00     2.866E+14  1.812E+14     6.888E+13   5.367E+14
 519.00     520.00     3.100E+14  1.952E+14     7.443E+13   5.796E+14
 520.00     521.00     3.179E+14  1.994E+14     7.624E+13   5.935E+14
 521.00     522.00     3.242E+14  2.026E+14     7.769E+13   6.044E+14
 522.00     523.00     3.196E+14  1.989E+14     7.652E+13   5.950E+14
 523.00     524.00     3.264E+14  2.023E+14     7.807E+13   6.068E+14
 524.00     525.00     3.406E+14  2.102E+14     8.137E+13   6.322E+14
 525.00     526.00     3.348E+14  2.058E+14     7.990E+13   6.205E+14
 526.00     527.00     3.086E+14  1.889E+14     7.358E+13   5.711E+14
 527.00     528.00     3.057E+14  1.864E+14     7.283E+13   5.650E+14
 528.00     529.00     3.338E+14  2.028E+14     7.945E+13   6.161E+14
 529.00     530.00     3.404E+14  2.060E+14     8.094E+13   6.273E+14
 530.00     531.00     3.430E+14  2.067E+14     8.147E+13   6.311E+14
 531.00     532.00     3.497E+14  2.099E+14     8.300E+13   6.427E+14
 532.00     533.00     3.227E+14  1.930E+14     7.652E+13   5.922E+14
 533.00     534.00     3.395E+14  2.023E+14     8.043E+13   6.222E+14
 534.00     535.00     3.338E+14  1.981E+14     7.900E+13   6.109E+14
 535.00     536.00     3.506E+14  2.073E+14     8.292E+13   6.409E+14
 536.00     537.00     3.421E+14  2.015E+14     8.081E+13   6.244E+14
 537.00     538.00     3.354E+14  1.969E+14     7.918E+13   6.115E+14
 538.00     539.00     3.466E+14  2.027E+14     8.175E+13   6.311E+14
 539.00     540.00     3.316E+14  1.932E+14     7.814E+13   6.029E+14
 540.00     541.00     3.294E+14  1.912E+14     7.756E+13   5.982E+14
 541.00     542.00     3.398E+14  1.965E+14     7.994E+13   6.163E+14
 542.00     543.00     3.470E+14  1.999E+14     8.156E+13   6.285E+14
 543.00     544.00     3.363E+14  1.930E+14     7.898E+13   6.083E+14
 544.00     545.00     3.493E+14  1.998E+14     8.196E+13   6.310E+14
 545.00     546.00     3.545E+14  2.020E+14     8.312E+13   6.397E+14
 546.00     547.00     3.529E+14  2.003E+14     8.266E+13   6.359E+14
 547.00     548.00     3.458E+14  1.956E+14     8.095E+13   6.224E+14
 548.00     549.00     3.532E+14  1.991E+14     8.260E+13   6.348E+14
 549.00     550.00     3.584E+14  2.013E+14     8.375E+13   6.435E+14
 550.00     551.00     3.570E+14  1.990E+14     8.329E+13   6.393E+14
 551.00     552.00     3.558E+14  1.976E+14     8.293E+13   6.363E+14
 552.00     553.00     3.575E+14  1.979E+14     8.328E+13   6.387E+14
 553.00     554.00     3.563E+14  1.966E+14     8.294E+13   6.359E+14
 554.00     555.00     3.620E+14  1.990E+14     8.419E+13   6.452E+14
 555.00     556.00     3.639E+14  1.993E+14     8.456E+13   6.478E+14
 556.00     557.00     3.559E+14  1.942E+14     8.263E+13   6.327E+14
 557.00     558.00     3.504E+14  1.906E+14     8.130E+13   6.223E+14
 558.00     559.00     3.481E+14  1.887E+14     8.070E+13   6.174E+14
 559.00     560.00     3.433E+14  1.854E+14     7.953E+13   6.082E+14
 560.00     561.00     3.509E+14  1.889E+14     8.124E+13   6.211E+14
 561.00     562.00     3.531E+14  1.894E+14     8.169E+13   6.242E+14
 562.00     563.00     3.531E+14  1.887E+14     8.162E+13   6.235E+14
 563.00     564.00     3.589E+14  1.912E+14     8.290E+13   6.330E+14
 564.00     565.00     3.597E+14  1.910E+14     8.303E+13   6.337E+14
 565.00     566.00     3.542E+14  1.874E+14     8.168E+13   6.232E+14
 566.00     567.00     3.483E+14  1.837E+14     8.027E+13   6.122E+14
 567.00     568.00     3.663E+14  1.925E+14     8.436E+13   6.432E+14
 568.00     569.00     3.516E+14  1.842E+14     8.093E+13   6.167E+14
 569.00     570.00     3.633E+14  1.896E+14     8.354E+13   6.365E+14
 570.00     571.00     3.536E+14  1.840E+14     8.126E+13   6.189E+14
 571.00     572.00     3.485E+14  1.807E+14     8.003E+13   6.092E+14
 572.00     573.00     3.716E+14  1.921E+14     8.528E+13   6.490E+14
 573.00     574.00     3.702E+14  1.907E+14     8.490E+13   6.458E+14
 574.00     575.00     3.688E+14  1.894E+14     8.453E+13   6.428E+14
 575.00     576.00     3.625E+14  1.856E+14     8.303E+13   6.311E+14
 576.00     577.00     3.660E+14  1.868E+14     8.377E+13   6.366E+14
 577.00     578.00     3.700E+14  1.882E+14     8.464E+13   6.429E+14
 578.00     579.00     3.554E+14  1.802E+14     8.123E+13   6.168E+14
 579.00     580.00     3.654E+14  1.847E+14     8.347E+13   6.336E+14
 580.00     581.00     3.696E+14  1.863E+14     8.437E+13   6.403E+14
 581.00     582.00     3.686E+14  1.852E+14     8.409E+13   6.379E+14
 582.00     583.00     3.758E+14  1.883E+14     8.569E+13   6.498E+14
 583.00     584.00     3.742E+14  1.869E+14     8.525E+13   6.463E+14
 584.00     585.00     3.749E+14  1.867E+14     8.537E+13   6.470E+14
 585.00     586.00     3.637E+14  1.805E+14     8.276E+13   6.270E+14
 586.00     587.00     3.680E+14  1.821E+14     8.368E+13   6.338E+14
 587.00     588.00     3.767E+14  1.858E+14     8.561E+13   6.481E+14
 588.00     589.00     3.731E+14  1.835E+14     8.474E+13   6.414E+14
 589.00     590.00     3.198E+14  1.568E+14     7.259E+13   5.492E+14
 590.00     591.00     3.723E+14  1.820E+14     8.446E+13   6.388E+14
 591.00     592.00     3.708E+14  1.807E+14     8.406E+13   6.355E+14
 592.00     593.00     3.768E+14  1.831E+14     8.537E+13   6.452E+14
 593.00     594.00     3.701E+14  1.792E+14     8.380E+13   6.331E+14
 594.00     595.00     3.764E+14  1.818E+14     8.518E+13   6.434E+14
 595.00     596.00     3.676E+14  1.770E+14     8.314E+13   6.277E+14
 596.00     597.00     3.763E+14  1.806E+14     8.505E+13   6.419E+14
 597.00     598.00     3.737E+14  1.788E+14     8.441E+13   6.369E+14
 598.00     599.00     3.676E+14  1.754E+14     8.299E+13   6.260E+14
 599.00     600.00     3.724E+14  1.771E+14     8.402E+13   6.335E+14
 600.00     601.00     3.691E+14  1.750E+14     8.323E+13   6.273E+14
 601.00     602.00     3.666E+14  1.733E+14     8.262E+13   6.226E+14
 602.00     603.00     3.624E+14  1.709E+14     8.164E+13   6.149E+14
 603.00     604.00     3.782E+14  1.778E+14     8.513E+13   6.411E+14
 604.00     605.00     3.769E+14  1.767E+14     8.480E+13   6.384E+14
 605.00     606.00     3.758E+14  1.757E+14     8.450E+13   6.360E+14
 606.00     607.00     3.768E+14  1.756E+14     8.468E+13   6.371E+14
 607.00     608.00     3.834E+14  1.782E+14     8.611E+13   6.477E+14
 608.00     609.00     3.743E+14  1.735E+14     8.402E+13   6.317E+14
 609.00     610.00     3.784E+14  1.749E+14     8.490E+13   6.382E+14
 610.00     611.00     3.717E+14  1.713E+14     8.336E+13   6.264E+14
 611.00     612.00     3.829E+14  1.760E+14     8.582E+13   6.447E+14
 612.00     613.00     3.743E+14  1.716E+14     8.384E+13   6.297E+14
 613.00     614.00     3.696E+14  1.690E+14     8.275E+13   6.214E+14
 614.00     615.00     3.782E+14  1.725E+14     8.463E+13   6.353E+14
 615.00     616.00     3.773E+14  1.716E+14     8.440E+13   6.333E+14
 616.00     617.00     3.642E+14  1.652E+14     8.142E+13   6.108E+14
 617.00     618.00     3.703E+14  1.675E+14     8.274E+13   6.206E+14
 618.00     619.00     3.835E+14  1.730E+14     8.564E+13   6.422E+14
 619.00     620.00     3.807E+14  1.713E+14     8.497E+13   6.370E+14
 620.00     621.00     3.871E+14  1.737E+14     8.636E+13   6.472E+14
 621.00     622.00     3.825E+14  1.711E+14     8.528E+13   6.389E+14
 622.00     623.00     3.830E+14  1.710E+14     8.536E+13   6.394E+14
 623.00     624.00     3.762E+14  1.675E+14     8.379E+13   6.274E+14
 624.00     625.00     3.736E+14  1.659E+14     8.319E+13   6.227E+14
 625.00     626.00     3.743E+14  1.657E+14     8.329E+13   6.233E+14
 626.00     627.00     3.833E+14  1.693E+14     8.524E+13   6.377E+14
 627.00     628.00     3.888E+14  1.712E+14     8.643E+13   6.464E+14
 628.00     629.00     3.866E+14  1.698E+14     8.591E+13   6.424E+14
 629.00     630.00     3.870E+14  1.696E+14     8.595E+13   6.425E+14
 630.00     631.00     3.821E+14  1.670E+14     8.482E+13   6.339E+14
 631.00     632.00     3.787E+14  1.651E+14     8.403E+13   6.279E+14
 632.00     633.00     3.841E+14  1.670E+14     8.518E+13   6.362E+14
 633.00     634.00     3.831E+14  1.662E+14     8.493E+13   6.342E+14
 634.00     635.00     3.829E+14  1.656E+14     8.484E+13   6.334E+14
 635.00     636.00     3.905E+14  1.685E+14     8.649E+13   6.456E+14
 636.00     637.00     3.802E+14  1.636E+14     8.416E+13   6.280E+14
 637.00     638.00     3.922E+14  1.684E+14     8.678E+13   6.473E+14
 638.00     639.00     3.910E+14  1.675E+14     8.648E+13   6.450E+14
 639.00     640.00     3.883E+14  1.659E+14     8.585E+13   6.401E+14
 640.00     641.00     3.791E+14  1.616E+14     8.377E+13   6.244E+14
 641.00     642.00     3.832E+14  1.629E+14     8.465E+13   6.308E+14
 642.00     643.00     3.869E+14  1.640E+14     8.540E+13   6.363E+14
 643.00     644.00     3.884E+14  1.643E+14     8.570E+13   6.383E+14
 644.00     645.00     3.891E+14  1.642E+14     8.582E+13   6.390E+14
 645.00     646.00     3.819E+14  1.607E+14     8.420E+13   6.268E+14
 646.00     647.00     3.875E+14  1.627E+14     8.540E+13   6.356E+14
 647.00     648.00     3.889E+14  1.629E+14     8.567E+13   6.375E+14
 648.00     649.00     3.924E+14  1.639E+14     8.638E+13   6.426E+14
 649.00     650.00     3.726E+14  1.553E+14     8.200E+13   6.099E+14
 650.00     651.00     3.895E+14  1.619E+14     8.569E+13   6.372E+14
 651.00     652.00     3.930E+14  1.630E+14     8.642E+13   6.424E+14
 652.00     653.00     3.889E+14  1.609E+14     8.548E+13   6.353E+14
 653.00     654.00     3.916E+14  1.616E+14     8.604E+13   6.393E+14
 654.00     655.00     3.871E+14  1.594E+14     8.501E+13   6.315E+14
 655.00     656.00     3.763E+14  1.545E+14     8.259E+13   6.134E+14
 656.00     657.00     3.041E+14  1.246E+14     6.673E+13   4.954E+14
 657.00     658.00     3.728E+14  1.524E+14     8.176E+13   6.069E+14
 658.00     659.00     3.856E+14  1.572E+14     8.453E+13   6.273E+14
 659.00     660.00     3.810E+14  1.550E+14     8.349E+13   6.194E+14
 660.00     661.00     3.888E+14  1.578E+14     8.517E+13   6.318E+14
 661.00     662.00     3.883E+14  1.572E+14     8.501E+13   6.305E+14
 662.00     663.00     3.903E+14  1.576E+14     8.543E+13   6.334E+14
 663.00     664.00     3.830E+14  1.543E+14     8.379E+13   6.211E+14
 664.00     665.00     3.849E+14  1.547E+14     8.417E+13   6.238E+14
 665.00     666.00     3.910E+14  1.568E+14     8.548E+13   6.333E+14
 666.00     667.00     3.863E+14  1.545E+14     8.441E+13   6.252E+14
 667.00     668.00     3.895E+14  1.555E+14     8.508E+13   6.301E+14
 668.00     669.00     3.950E+14  1.573E+14     8.625E+13   6.386E+14
 669.00     670.00     3.958E+14  1.573E+14     8.638E+13   6.394E+14
 670.00     671.00     3.946E+14  1.564E+14     8.608E+13   6.371E+14
 671.00     672.00     3.902E+14  1.543E+14     8.509E+13   6.296E+14
 672.00     673.00     3.958E+14  1.562E+14     8.628E+13   6.382E+14
 673.00     674.00     3.995E+14  1.573E+14     8.707E+13   6.439E+14
 674.00     675.00     3.988E+14  1.566E+14     8.686E+13   6.422E+14
 675.00     676.00     3.956E+14  1.550E+14     8.614E+13   6.368E+14
 676.00     677.00     3.971E+14  1.553E+14     8.643E+13   6.388E+14
 677.00     678.00     3.964E+14  1.546E+14     8.624E+13   6.372E+14
 678.00     679.00     3.938E+14  1.533E+14     8.564E+13   6.327E+14
 679.00     680.00     3.931E+14  1.527E+14     8.547E+13   6.312E+14
 680.00     681.00     3.919E+14  1.519E+14     8.518E+13   6.290E+14
 681.00     682.00     3.943E+14  1.525E+14     8.567E+13   6.324E+14
 682.00     683.00     3.970E+14  1.531E+14     8.621E+13   6.363E+14
 683.00     684.00     3.965E+14  1.526E+14     8.608E+13   6.352E+14
 684.00     685.00     3.891E+14  1.494E+14     8.444E+13   6.230E+14
 685.00     686.00     3.950E+14  1.514E+14     8.570E+13   6.321E+14
 686.00     687.00     3.967E+14  1.517E+14     8.602E+13   6.344E+14
 687.00     688.00     3.994E+14  1.523E+14     8.658E+13   6.384E+14
 688.00     689.00     3.940E+14  1.500E+14     8.537E+13   6.293E+14
 689.00     690.00     3.987E+14  1.514E+14     8.635E+13   6.364E+14
 690.00     691.00     3.963E+14  1.502E+14     8.581E+13   6.323E+14
 691.00     692.00     3.934E+14  1.487E+14     8.515E+13   6.273E+14
 692.00     693.00     3.957E+14  1.493E+14     8.562E+13   6.306E+14
 693.00     694.00     3.985E+14  1.500E+14     8.619E+13   6.347E+14
 694.00     695.00     3.979E+14  1.495E+14     8.604E+13   6.335E+14
 695.00     696.00     3.986E+14  1.494E+14     8.617E+13   6.342E+14
 696.00     697.00     4.010E+14  1.500E+14     8.664E+13   6.376E+14
 697.00     698.00     3.983E+14  1.487E+14     8.604E+13   6.330E+14
 698.00     699.00     3.964E+14  1.477E+14     8.560E+13   6.297E+14
 699.00     700.00     4.031E+14  1.498E+14     8.701E+13   6.399E+14